Number of Non-Isomorphic Graphs: 1 
 
Graph 1:
0 1 1 1 1 0 0 0 0 0 0 0 0 0 0 0 0 0 0 0 
1 0 1 1 1 0 0 0 0 0 0 0 0 0 0 0 0 0 0 0 
1 1 0 1 1 0 0 0 0 0 0 0 0 0 0 0 0 0 0 0 
1 1 1 0 1 0 0 0 0 0 0 0 0 0 0 0 0 0 0 0 
1 1 1 1 0 0 0 0 0 0 0 0 0 0 0 0 0 0 0 0 
0 0 0 0 0 0 1 1 1 1 0 0 0 0 0 0 0 0 0 0 
0 0 0 0 0 1 0 1 1 1 0 0 0 0 0 0 0 0 0 0 
0 0 0 0 0 1 1 0 1 1 0 0 0 0 0 0 0 0 0 0 
0 0 0 0 0 1 1 1 0 1 0 0 0 0 0 0 0 0 0 0 
0 0 0 0 0 1 1 1 1 0 0 0 0 0 0 0 0 0 0 0 
0 0 0 0 0 0 0 0 0 0 0 1 1 1 1 0 0 0 0 0 
0 0 0 0 0 0 0 0 0 0 1 0 1 1 1 0 0 0 0 0 
0 0 0 0 0 0 0 0 0 0 1 1 0 1 1 0 0 0 0 0 
0 0 0 0 0 0 0 0 0 0 1 1 1 0 1 0 0 0 0 0 
0 0 0 0 0 0 0 0 0 0 1 1 1 1 0 0 0 0 0 0 
0 0 0 0 0 0 0 0 0 0 0 0 0 0 0 0 1 1 1 1 
0 0 0 0 0 0 0 0 0 0 0 0 0 0 0 1 0 1 1 1 
0 0 0 0 0 0 0 0 0 0 0 0 0 0 0 1 1 0 1 1 
0 0 0 0 0 0 0 0 0 0 0 0 0 0 0 1 1 1 0 1 
0 0 0 0 0 0 0 0 0 0 0 0 0 0 0 1 1 1 1 0 

