Number of Non-Isomorphic Graphs: 23 
 
Graph 1:
0 1 1 1 1 0 0 0 0 0 0 0 0 0 0 0 0 0 
1 0 1 0 0 0 0 0 0 0 0 0 0 0 1 1 0 0 
1 1 0 0 0 0 0 0 0 0 0 0 0 0 0 0 1 1 
1 0 0 0 1 0 0 0 0 0 0 0 0 0 1 0 1 0 
1 0 0 1 0 0 0 0 0 0 0 0 0 0 0 1 0 1 
0 0 0 0 0 0 1 1 1 1 0 0 0 0 0 0 0 0 
0 0 0 0 0 1 0 1 0 0 1 1 0 0 0 0 0 0 
0 0 0 0 0 1 1 0 0 0 0 0 1 1 0 0 0 0 
0 0 0 0 0 1 0 0 0 1 1 0 1 0 0 0 0 0 
0 0 0 0 0 1 0 0 1 0 0 1 0 1 0 0 0 0 
0 0 0 0 0 0 1 0 1 0 0 1 1 0 0 0 0 0 
0 0 0 0 0 0 1 0 0 1 1 0 0 1 0 0 0 0 
0 0 0 0 0 0 0 1 1 0 1 0 0 1 0 0 0 0 
0 0 0 0 0 0 0 1 0 1 0 1 1 0 0 0 0 0 
0 1 0 1 0 0 0 0 0 0 0 0 0 0 0 1 1 0 
0 1 0 0 1 0 0 0 0 0 0 0 0 0 1 0 0 1 
0 0 1 1 0 0 0 0 0 0 0 0 0 0 1 0 0 1 
0 0 1 0 1 0 0 0 0 0 0 0 0 0 0 1 1 0 

Graph 2:
0 1 1 1 1 0 0 0 0 0 0 0 0 0 0 0 0 0 
1 0 0 1 0 0 0 0 0 0 0 0 1 0 0 0 0 1 
1 0 0 0 1 0 0 0 0 0 0 1 0 0 0 0 0 1 
1 1 0 0 0 0 0 0 0 0 0 0 0 1 0 0 1 0 
1 0 1 0 0 0 0 0 0 0 0 0 0 0 1 1 0 0 
0 0 0 0 0 0 1 1 1 0 0 0 0 0 1 0 0 0 
0 0 0 0 0 1 0 1 0 1 0 0 0 0 0 1 0 0 
0 0 0 0 0 1 1 0 0 0 1 0 0 1 0 0 0 0 
0 0 0 0 0 1 0 0 0 0 0 1 0 0 1 0 1 0 
0 0 0 0 0 0 1 0 0 0 1 0 1 0 0 1 0 0 
0 0 0 0 0 0 0 1 0 1 0 0 1 1 0 0 0 0 
0 0 1 0 0 0 0 0 1 0 0 0 0 0 0 0 1 1 
0 1 0 0 0 0 0 0 0 1 1 0 0 0 0 0 0 1 
0 0 0 1 0 0 0 1 0 0 1 0 0 0 0 0 1 0 
0 0 0 0 1 1 0 0 1 0 0 0 0 0 0 1 0 0 
0 0 0 0 1 0 1 0 0 1 0 0 0 0 1 0 0 0 
0 0 0 1 0 0 0 0 1 0 0 1 0 1 0 0 0 0 
0 1 1 0 0 0 0 0 0 0 0 1 1 0 0 0 0 0 

Graph 3:
0 1 1 1 1 0 0 0 0 0 0 0 0 0 0 0 0 0 
1 0 1 0 0 0 0 0 0 0 1 0 0 0 0 0 0 1 
1 1 0 0 0 0 0 0 0 0 0 1 0 0 0 0 1 0 
1 0 0 0 1 0 0 0 0 0 0 0 0 1 0 1 0 0 
1 0 0 1 0 0 0 0 0 0 0 0 1 0 1 0 0 0 
0 0 0 0 0 0 0 0 1 0 1 0 1 0 0 0 1 0 
0 0 0 0 0 0 0 0 0 1 0 1 0 1 0 0 0 1 
0 0 0 0 0 0 0 0 1 1 0 0 0 0 1 1 0 0 
0 0 0 0 0 1 0 1 0 0 0 0 0 0 0 1 1 0 
0 0 0 0 0 0 1 1 0 0 0 0 0 0 1 0 0 1 
0 1 0 0 0 1 0 0 0 0 0 0 1 0 0 0 0 1 
0 0 1 0 0 0 1 0 0 0 0 0 0 1 0 0 1 0 
0 0 0 0 1 1 0 0 0 0 1 0 0 0 1 0 0 0 
0 0 0 1 0 0 1 0 0 0 0 1 0 0 0 1 0 0 
0 0 0 0 1 0 0 1 0 1 0 0 1 0 0 0 0 0 
0 0 0 1 0 0 0 1 1 0 0 0 0 1 0 0 0 0 
0 0 1 0 0 1 0 0 1 0 0 1 0 0 0 0 0 0 
0 1 0 0 0 0 1 0 0 1 1 0 0 0 0 0 0 0 

Graph 4:
0 1 1 1 1 0 0 0 0 0 0 0 0 0 0 0 0 0 
1 0 0 1 0 0 0 0 0 0 1 0 0 0 0 0 0 1 
1 0 0 0 1 0 0 0 0 0 0 1 1 0 0 0 0 0 
1 1 0 0 0 0 0 0 0 0 0 0 0 1 1 0 0 0 
1 0 1 0 0 0 0 0 0 0 0 0 0 0 0 1 1 0 
0 0 0 0 0 0 1 0 0 0 0 0 0 0 1 1 0 1 
0 0 0 0 0 1 0 0 0 1 0 0 0 0 0 0 1 1 
0 0 0 0 0 0 0 0 1 1 1 1 0 0 0 0 0 0 
0 0 0 0 0 0 0 1 0 1 0 0 1 1 0 0 0 0 
0 0 0 0 0 0 1 1 1 0 0 0 0 0 0 0 1 0 
0 1 0 0 0 0 0 1 0 0 0 1 0 0 0 0 0 1 
0 0 1 0 0 0 0 1 0 0 1 0 1 0 0 0 0 0 
0 0 1 0 0 0 0 0 1 0 0 1 0 1 0 0 0 0 
0 0 0 1 0 0 0 0 1 0 0 0 1 0 1 0 0 0 
0 0 0 1 0 1 0 0 0 0 0 0 0 1 0 1 0 0 
0 0 0 0 1 1 0 0 0 0 0 0 0 0 1 0 1 0 
0 0 0 0 1 0 1 0 0 1 0 0 0 0 0 1 0 0 
0 1 0 0 0 1 1 0 0 0 1 0 0 0 0 0 0 0 

Graph 5:
0 1 1 1 1 0 0 0 0 0 0 0 0 0 0 0 0 0 
1 0 0 0 1 0 0 0 0 0 0 1 0 0 0 0 0 1 
1 0 0 1 0 0 0 0 0 0 0 0 1 0 0 0 0 1 
1 0 1 0 0 0 0 0 0 0 0 0 0 1 1 0 0 0 
1 1 0 0 0 0 0 0 0 0 0 0 0 0 0 1 1 0 
0 0 0 0 0 0 0 1 0 0 1 0 0 1 0 1 0 0 
0 0 0 0 0 0 0 0 1 1 0 0 0 0 1 0 1 0 
0 0 0 0 0 1 0 0 1 0 0 1 0 1 0 0 0 0 
0 0 0 0 0 0 1 1 0 0 0 1 0 0 0 0 1 0 
0 0 0 0 0 0 1 0 0 0 1 0 1 0 1 0 0 0 
0 0 0 0 0 1 0 0 0 1 0 0 1 0 0 1 0 0 
0 1 0 0 0 0 0 1 1 0 0 0 0 0 0 0 0 1 
0 0 1 0 0 0 0 0 0 1 1 0 0 0 0 0 0 1 
0 0 0 1 0 1 0 1 0 0 0 0 0 0 1 0 0 0 
0 0 0 1 0 0 1 0 0 1 0 0 0 1 0 0 0 0 
0 0 0 0 1 1 0 0 0 0 1 0 0 0 0 0 1 0 
0 0 0 0 1 0 1 0 1 0 0 0 0 0 0 1 0 0 
0 1 1 0 0 0 0 0 0 0 0 1 1 0 0 0 0 0 

Graph 6:
0 1 1 1 1 0 0 0 0 0 0 0 0 0 0 0 0 0 
1 0 0 1 0 0 0 0 0 0 1 0 0 0 1 0 0 0 
1 0 0 0 1 0 0 0 0 0 0 1 0 0 0 1 0 0 
1 1 0 0 0 0 0 0 0 0 0 0 0 1 0 0 0 1 
1 0 1 0 0 0 0 0 0 0 0 0 1 0 0 0 1 0 
0 0 0 0 0 0 0 0 0 0 1 1 1 1 0 0 0 0 
0 0 0 0 0 0 0 1 1 0 0 0 0 0 1 1 0 0 
0 0 0 0 0 0 1 0 0 1 0 0 0 0 1 0 0 1 
0 0 0 0 0 0 1 0 0 1 0 0 0 0 0 1 1 0 
0 0 0 0 0 0 0 1 1 0 0 0 0 0 0 0 1 1 
0 1 0 0 0 1 0 0 0 0 0 1 0 0 1 0 0 0 
0 0 1 0 0 1 0 0 0 0 1 0 0 0 0 1 0 0 
0 0 0 0 1 1 0 0 0 0 0 0 0 1 0 0 1 0 
0 0 0 1 0 1 0 0 0 0 0 0 1 0 0 0 0 1 
0 1 0 0 0 0 1 1 0 0 1 0 0 0 0 0 0 0 
0 0 1 0 0 0 1 0 1 0 0 1 0 0 0 0 0 0 
0 0 0 0 1 0 0 0 1 1 0 0 1 0 0 0 0 0 
0 0 0 1 0 0 0 1 0 1 0 0 0 1 0 0 0 0 

Graph 7:
0 1 1 1 1 0 0 0 0 0 0 0 0 0 0 0 0 0 
1 0 0 1 0 0 0 0 0 0 0 0 1 0 0 0 0 1 
1 0 0 0 1 0 0 0 0 0 0 1 0 0 0 0 0 1 
1 1 0 0 0 0 0 0 0 0 0 0 0 1 0 0 1 0 
1 0 1 0 0 0 0 0 0 0 0 0 0 0 1 1 0 0 
0 0 0 0 0 0 0 1 1 0 1 0 0 0 1 0 0 0 
0 0 0 0 0 0 0 1 0 1 0 0 0 1 0 1 0 0 
0 0 0 0 0 1 1 0 0 0 1 0 0 1 0 0 0 0 
0 0 0 0 0 1 0 0 0 0 0 1 0 0 1 0 1 0 
0 0 0 0 0 0 1 0 0 0 1 0 1 0 0 1 0 0 
0 0 0 0 0 1 0 1 0 1 0 0 1 0 0 0 0 0 
0 0 1 0 0 0 0 0 1 0 0 0 0 0 0 0 1 1 
0 1 0 0 0 0 0 0 0 1 1 0 0 0 0 0 0 1 
0 0 0 1 0 0 1 1 0 0 0 0 0 0 0 0 1 0 
0 0 0 0 1 1 0 0 1 0 0 0 0 0 0 1 0 0 
0 0 0 0 1 0 1 0 0 1 0 0 0 0 1 0 0 0 
0 0 0 1 0 0 0 0 1 0 0 1 0 1 0 0 0 0 
0 1 1 0 0 0 0 0 0 0 0 1 1 0 0 0 0 0 

Graph 8:
0 1 1 1 1 0 0 0 0 0 0 0 0 0 0 0 0 0 
1 0 0 0 1 0 0 0 0 0 0 0 1 0 0 0 0 1 
1 0 0 1 0 0 0 0 0 0 0 1 0 0 0 0 0 1 
1 0 1 0 0 0 0 0 0 0 0 0 0 1 0 0 1 0 
1 1 0 0 0 0 0 0 0 0 0 0 0 0 1 1 0 0 
0 0 0 0 0 0 0 1 1 0 1 0 0 0 1 0 0 0 
0 0 0 0 0 0 0 1 0 1 0 0 0 1 0 1 0 0 
0 0 0 0 0 1 1 0 0 0 1 0 0 1 0 0 0 0 
0 0 0 0 0 1 0 0 0 0 0 1 0 0 1 0 1 0 
0 0 0 0 0 0 1 0 0 0 1 0 1 0 0 1 0 0 
0 0 0 0 0 1 0 1 0 1 0 0 1 0 0 0 0 0 
0 0 1 0 0 0 0 0 1 0 0 0 0 0 0 0 1 1 
0 1 0 0 0 0 0 0 0 1 1 0 0 0 0 0 0 1 
0 0 0 1 0 0 1 1 0 0 0 0 0 0 0 0 1 0 
0 0 0 0 1 1 0 0 1 0 0 0 0 0 0 1 0 0 
0 0 0 0 1 0 1 0 0 1 0 0 0 0 1 0 0 0 
0 0 0 1 0 0 0 0 1 0 0 1 0 1 0 0 0 0 
0 1 1 0 0 0 0 0 0 0 0 1 1 0 0 0 0 0 

Graph 9:
0 1 1 1 1 0 0 0 0 0 0 0 0 0 0 0 0 0 
1 0 0 1 0 0 0 0 0 0 0 0 1 0 0 0 0 1 
1 0 0 0 1 0 0 0 0 0 0 1 0 0 0 0 0 1 
1 1 0 0 0 0 0 0 0 0 0 0 0 1 0 0 1 0 
1 0 1 0 0 0 0 0 0 0 0 0 0 0 1 1 0 0 
0 0 0 0 0 0 1 1 1 0 0 0 0 1 0 0 0 0 
0 0 0 0 0 1 0 0 1 0 1 0 0 0 0 1 0 0 
0 0 0 0 0 1 0 0 0 1 0 0 0 1 1 0 0 0 
0 0 0 0 0 1 1 0 0 0 0 1 0 0 0 0 1 0 
0 0 0 0 0 0 0 1 0 0 1 0 1 0 1 0 0 0 
0 0 0 0 0 0 1 0 0 1 0 0 1 0 0 1 0 0 
0 0 1 0 0 0 0 0 1 0 0 0 0 0 0 0 1 1 
0 1 0 0 0 0 0 0 0 1 1 0 0 0 0 0 0 1 
0 0 0 1 0 1 0 1 0 0 0 0 0 0 0 0 1 0 
0 0 0 0 1 0 0 1 0 1 0 0 0 0 0 1 0 0 
0 0 0 0 1 0 1 0 0 0 1 0 0 0 1 0 0 0 
0 0 0 1 0 0 0 0 1 0 0 1 0 1 0 0 0 0 
0 1 1 0 0 0 0 0 0 0 0 1 1 0 0 0 0 0 

Graph 10:
0 1 1 1 1 0 0 0 0 0 0 0 0 0 0 0 0 0 
1 0 0 0 1 0 0 0 0 0 1 0 1 0 0 0 0 0 
1 0 0 1 0 0 0 0 0 0 0 1 0 1 0 0 0 0 
1 0 1 0 0 0 0 0 0 0 0 0 0 0 0 0 1 1 
1 1 0 0 0 0 0 0 0 0 0 0 0 0 1 1 0 0 
0 0 0 0 0 0 1 0 0 1 1 1 0 0 0 0 0 0 
0 0 0 0 0 1 0 0 0 1 0 0 1 1 0 0 0 0 
0 0 0 0 0 0 0 0 1 1 0 0 0 0 1 0 1 0 
0 0 0 0 0 0 0 1 0 1 0 0 0 0 0 1 0 1 
0 0 0 0 0 1 1 1 1 0 0 0 0 0 0 0 0 0 
0 1 0 0 0 1 0 0 0 0 0 1 1 0 0 0 0 0 
0 0 1 0 0 1 0 0 0 0 1 0 0 1 0 0 0 0 
0 1 0 0 0 0 1 0 0 0 1 0 0 1 0 0 0 0 
0 0 1 0 0 0 1 0 0 0 0 1 1 0 0 0 0 0 
0 0 0 0 1 0 0 1 0 0 0 0 0 0 0 1 1 0 
0 0 0 0 1 0 0 0 1 0 0 0 0 0 1 0 0 1 
0 0 0 1 0 0 0 1 0 0 0 0 0 0 1 0 0 1 
0 0 0 1 0 0 0 0 1 0 0 0 0 0 0 1 1 0 

Graph 11:
0 1 1 1 1 0 0 0 0 0 0 0 0 0 0 0 0 0 
1 0 0 1 0 0 0 0 0 0 0 0 1 0 0 0 0 1 
1 0 0 0 1 0 0 0 0 0 0 1 0 0 0 0 0 1 
1 1 0 0 0 0 0 0 0 0 0 0 0 1 0 1 0 0 
1 0 1 0 0 0 0 0 0 0 0 0 0 0 1 0 1 0 
0 0 0 0 0 0 1 1 0 0 0 0 0 1 1 0 0 0 
0 0 0 0 0 1 0 0 1 1 0 0 0 0 1 0 0 0 
0 0 0 0 0 1 0 0 1 0 1 0 0 1 0 0 0 0 
0 0 0 0 0 0 1 1 0 1 1 0 0 0 0 0 0 0 
0 0 0 0 0 0 1 0 1 0 0 1 0 0 0 1 0 0 
0 0 0 0 0 0 0 1 1 0 0 0 1 0 0 0 1 0 
0 0 1 0 0 0 0 0 0 1 0 0 0 0 0 1 0 1 
0 1 0 0 0 0 0 0 0 0 1 0 0 0 0 0 1 1 
0 0 0 1 0 1 0 1 0 0 0 0 0 0 0 1 0 0 
0 0 0 0 1 1 1 0 0 0 0 0 0 0 0 0 1 0 
0 0 0 1 0 0 0 0 0 1 0 1 0 1 0 0 0 0 
0 0 0 0 1 0 0 0 0 0 1 0 1 0 1 0 0 0 
0 1 1 0 0 0 0 0 0 0 0 1 1 0 0 0 0 0 

Graph 12:
0 1 1 1 1 0 0 0 0 0 0 0 0 0 0 0 0 0 
1 0 0 0 1 0 0 0 0 0 1 0 0 0 0 0 0 1 
1 0 0 1 0 0 0 0 0 0 0 1 0 0 0 0 1 0 
1 0 1 0 0 0 0 0 0 0 0 0 0 1 0 1 0 0 
1 1 0 0 0 0 0 0 0 0 0 0 1 0 1 0 0 0 
0 0 0 0 0 0 0 0 1 0 1 0 1 0 0 0 1 0 
0 0 0 0 0 0 0 0 0 1 0 1 0 1 0 0 0 1 
0 0 0 0 0 0 0 0 1 1 0 0 0 0 1 1 0 0 
0 0 0 0 0 1 0 1 0 0 0 0 0 0 1 0 1 0 
0 0 0 0 0 0 1 1 0 0 0 0 0 0 0 1 0 1 
0 1 0 0 0 1 0 0 0 0 0 0 1 0 0 0 0 1 
0 0 1 0 0 0 1 0 0 0 0 0 0 1 0 0 1 0 
0 0 0 0 1 1 0 0 0 0 1 0 0 0 1 0 0 0 
0 0 0 1 0 0 1 0 0 0 0 1 0 0 0 1 0 0 
0 0 0 0 1 0 0 1 1 0 0 0 1 0 0 0 0 0 
0 0 0 1 0 0 0 1 0 1 0 0 0 1 0 0 0 0 
0 0 1 0 0 1 0 0 1 0 0 1 0 0 0 0 0 0 
0 1 0 0 0 0 1 0 0 1 1 0 0 0 0 0 0 0 

Graph 13:
0 1 1 1 1 0 0 0 0 0 0 0 0 0 0 0 0 0 
1 0 0 0 1 0 0 0 0 0 0 0 1 0 0 0 0 1 
1 0 0 1 0 0 0 0 0 0 0 1 0 0 0 0 0 1 
1 0 1 0 0 0 0 0 0 0 0 0 0 1 0 0 1 0 
1 1 0 0 0 0 0 0 0 0 0 0 0 0 1 1 0 0 
0 0 0 0 0 0 1 1 1 1 0 0 0 0 0 0 0 0 
0 0 0 0 0 1 0 1 0 0 1 0 0 0 1 0 0 0 
0 0 0 0 0 1 1 0 0 0 0 0 0 1 0 1 0 0 
0 0 0 0 0 1 0 0 0 1 0 1 0 0 0 0 1 0 
0 0 0 0 0 1 0 0 1 0 1 0 1 0 0 0 0 0 
0 0 0 0 0 0 1 0 0 1 0 0 1 0 1 0 0 0 
0 0 1 0 0 0 0 0 1 0 0 0 0 0 0 0 1 1 
0 1 0 0 0 0 0 0 0 1 1 0 0 0 0 0 0 1 
0 0 0 1 0 0 0 1 0 0 0 0 0 0 0 1 1 0 
0 0 0 0 1 0 1 0 0 0 1 0 0 0 0 1 0 0 
0 0 0 0 1 0 0 1 0 0 0 0 0 1 1 0 0 0 
0 0 0 1 0 0 0 0 1 0 0 1 0 1 0 0 0 0 
0 1 1 0 0 0 0 0 0 0 0 1 1 0 0 0 0 0 

Graph 14:
0 1 1 1 1 0 0 0 0 0 0 0 0 0 0 0 0 0 
1 0 0 0 1 0 0 0 0 0 0 0 1 0 0 0 0 1 
1 0 0 1 0 0 0 0 0 0 0 1 0 0 0 0 0 1 
1 0 1 0 0 0 0 0 0 0 0 0 0 0 1 0 1 0 
1 1 0 0 0 0 0 0 0 0 0 0 0 1 0 1 0 0 
0 0 0 0 0 0 1 1 0 1 0 0 0 1 0 0 0 0 
0 0 0 0 0 1 0 0 1 0 1 0 0 1 0 0 0 0 
0 0 0 0 0 1 0 0 1 1 0 0 0 0 1 0 0 0 
0 0 0 0 0 0 1 1 0 0 1 0 0 0 1 0 0 0 
0 0 0 0 0 1 0 1 0 0 1 0 1 0 0 0 0 0 
0 0 0 0 0 0 1 0 1 1 0 0 1 0 0 0 0 0 
0 0 1 0 0 0 0 0 0 0 0 0 0 0 0 1 1 1 
0 1 0 0 0 0 0 0 0 1 1 0 0 0 0 0 0 1 
0 0 0 0 1 1 1 0 0 0 0 0 0 0 0 1 0 0 
0 0 0 1 0 0 0 1 1 0 0 0 0 0 0 0 1 0 
0 0 0 0 1 0 0 0 0 0 0 1 0 1 0 0 1 0 
0 0 0 1 0 0 0 0 0 0 0 1 0 0 1 1 0 0 
0 1 1 0 0 0 0 0 0 0 0 1 1 0 0 0 0 0 

Graph 15:
0 1 1 1 1 0 0 0 0 0 0 0 0 0 0 0 0 0 
1 0 0 1 0 0 0 0 0 0 0 0 1 0 0 0 0 1 
1 0 0 0 1 0 0 0 0 0 0 1 0 0 0 0 0 1 
1 1 0 0 0 0 0 0 0 0 0 0 0 1 0 1 0 0 
1 0 1 0 0 0 0 0 0 0 0 0 0 0 1 0 1 0 
0 0 0 0 0 0 1 1 0 0 0 0 0 1 1 0 0 0 
0 0 0 0 0 1 0 0 1 0 1 0 0 0 1 0 0 0 
0 0 0 0 0 1 0 0 1 1 0 0 0 1 0 0 0 0 
0 0 0 0 0 0 1 1 0 1 1 0 0 0 0 0 0 0 
0 0 0 0 0 0 0 1 1 0 0 1 0 0 0 1 0 0 
0 0 0 0 0 0 1 0 1 0 0 0 1 0 0 0 1 0 
0 0 1 0 0 0 0 0 0 1 0 0 0 0 0 1 0 1 
0 1 0 0 0 0 0 0 0 0 1 0 0 0 0 0 1 1 
0 0 0 1 0 1 0 1 0 0 0 0 0 0 0 1 0 0 
0 0 0 0 1 1 1 0 0 0 0 0 0 0 0 0 1 0 
0 0 0 1 0 0 0 0 0 1 0 1 0 1 0 0 0 0 
0 0 0 0 1 0 0 0 0 0 1 0 1 0 1 0 0 0 
0 1 1 0 0 0 0 0 0 0 0 1 1 0 0 0 0 0 

Graph 16:
0 1 1 1 1 0 0 0 0 0 0 0 0 0 0 0 0 0 
1 0 0 0 1 0 0 0 0 0 0 1 0 0 0 0 0 1 
1 0 0 1 0 0 0 0 0 0 0 0 1 0 0 0 0 1 
1 0 1 0 0 0 0 0 0 0 0 0 0 1 1 0 0 0 
1 1 0 0 0 0 0 0 0 0 0 0 0 0 0 1 1 0 
0 0 0 0 0 0 0 1 0 0 1 0 0 1 0 0 1 0 
0 0 0 0 0 0 0 0 1 1 0 0 0 0 1 1 0 0 
0 0 0 0 0 1 0 0 1 0 0 1 0 1 0 0 0 0 
0 0 0 0 0 0 1 1 0 0 0 1 0 0 1 0 0 0 
0 0 0 0 0 0 1 0 0 0 1 0 1 0 0 1 0 0 
0 0 0 0 0 1 0 0 0 1 0 0 1 0 0 0 1 0 
0 1 0 0 0 0 0 1 1 0 0 0 0 0 0 0 0 1 
0 0 1 0 0 0 0 0 0 1 1 0 0 0 0 0 0 1 
0 0 0 1 0 1 0 1 0 0 0 0 0 0 1 0 0 0 
0 0 0 1 0 0 1 0 1 0 0 0 0 1 0 0 0 0 
0 0 0 0 1 0 1 0 0 1 0 0 0 0 0 0 1 0 
0 0 0 0 1 1 0 0 0 0 1 0 0 0 0 1 0 0 
0 1 1 0 0 0 0 0 0 0 0 1 1 0 0 0 0 0 

Graph 17:
0 1 1 1 1 0 0 0 0 0 0 0 0 0 0 0 0 0 
1 0 0 0 1 0 0 0 0 0 0 0 1 0 0 0 0 1 
1 0 0 1 0 0 0 0 0 0 0 1 0 0 0 0 0 1 
1 0 1 0 0 0 0 0 0 0 0 0 0 1 0 0 1 0 
1 1 0 0 0 0 0 0 0 0 0 0 0 0 1 1 0 0 
0 0 0 0 0 0 1 1 0 1 0 0 0 0 1 0 0 0 
0 0 0 0 0 1 0 0 1 1 0 0 0 0 0 1 0 0 
0 0 0 0 0 1 0 0 1 0 0 0 0 1 1 0 0 0 
0 0 0 0 0 0 1 1 0 0 0 0 0 1 0 1 0 0 
0 0 0 0 0 1 1 0 0 0 1 0 1 0 0 0 0 0 
0 0 0 0 0 0 0 0 0 1 0 1 1 0 0 0 1 0 
0 0 1 0 0 0 0 0 0 0 1 0 0 0 0 0 1 1 
0 1 0 0 0 0 0 0 0 1 1 0 0 0 0 0 0 1 
0 0 0 1 0 0 0 1 1 0 0 0 0 0 0 0 1 0 
0 0 0 0 1 1 0 1 0 0 0 0 0 0 0 1 0 0 
0 0 0 0 1 0 1 0 1 0 0 0 0 0 1 0 0 0 
0 0 0 1 0 0 0 0 0 0 1 1 0 1 0 0 0 0 
0 1 1 0 0 0 0 0 0 0 0 1 1 0 0 0 0 0 

Graph 18:
0 1 1 1 1 0 0 0 0 0 0 0 0 0 0 0 0 0 
1 0 0 1 0 0 0 0 0 0 0 0 0 0 0 1 0 1 
1 0 0 0 1 0 0 0 0 0 0 0 0 0 0 1 1 0 
1 1 0 0 0 0 0 0 0 0 0 0 0 1 0 0 1 0 
1 0 1 0 0 0 0 0 0 0 0 0 0 0 1 0 0 1 
0 0 0 0 0 0 1 1 0 1 0 1 0 0 0 0 0 0 
0 0 0 0 0 1 0 0 1 1 0 0 1 0 0 0 0 0 
0 0 0 0 0 1 0 0 1 0 1 1 0 0 0 0 0 0 
0 0 0 0 0 0 1 1 0 0 1 0 1 0 0 0 0 0 
0 0 0 0 0 1 1 0 0 0 1 0 0 0 1 0 0 0 
0 0 0 0 0 0 0 1 1 1 0 0 0 0 1 0 0 0 
0 0 0 0 0 1 0 1 0 0 0 0 1 1 0 0 0 0 
0 0 0 0 0 0 1 0 1 0 0 1 0 1 0 0 0 0 
0 0 0 1 0 0 0 0 0 0 0 1 1 0 0 0 1 0 
0 0 0 0 1 0 0 0 0 1 1 0 0 0 0 0 0 1 
0 1 1 0 0 0 0 0 0 0 0 0 0 0 0 0 1 1 
0 0 1 1 0 0 0 0 0 0 0 0 0 1 0 1 0 0 
0 1 0 0 1 0 0 0 0 0 0 0 0 0 1 1 0 0 

Graph 19:
0 1 1 1 1 0 0 0 0 0 0 0 0 0 0 0 0 0 
1 0 0 0 1 0 0 0 0 0 0 0 1 0 0 0 0 1 
1 0 0 1 0 0 0 0 0 0 0 1 0 0 0 0 0 1 
1 0 1 0 0 0 0 0 0 0 0 0 0 1 0 0 1 0 
1 1 0 0 0 0 0 0 0 0 0 0 0 0 1 1 0 0 
0 0 0 0 0 0 1 1 1 0 0 0 0 0 1 0 0 0 
0 0 0 0 0 1 0 1 0 1 0 0 0 0 0 1 0 0 
0 0 0 0 0 1 1 0 0 0 1 0 0 1 0 0 0 0 
0 0 0 0 0 1 0 0 0 0 0 1 0 0 1 0 1 0 
0 0 0 0 0 0 1 0 0 0 1 0 1 0 0 1 0 0 
0 0 0 0 0 0 0 1 0 1 0 0 1 1 0 0 0 0 
0 0 1 0 0 0 0 0 1 0 0 0 0 0 0 0 1 1 
0 1 0 0 0 0 0 0 0 1 1 0 0 0 0 0 0 1 
0 0 0 1 0 0 0 1 0 0 1 0 0 0 0 0 1 0 
0 0 0 0 1 1 0 0 1 0 0 0 0 0 0 1 0 0 
0 0 0 0 1 0 1 0 0 1 0 0 0 0 1 0 0 0 
0 0 0 1 0 0 0 0 1 0 0 1 0 1 0 0 0 0 
0 1 1 0 0 0 0 0 0 0 0 1 1 0 0 0 0 0 

Graph 20:
0 1 1 1 1 0 0 0 0 0 0 0 0 0 0 0 0 0 
1 0 1 0 0 0 0 0 0 0 1 0 1 0 0 0 0 0 
1 1 0 0 0 0 0 0 0 0 0 0 0 1 1 0 0 0 
1 0 0 0 1 0 0 0 0 0 0 0 0 0 0 1 1 0 
1 0 0 1 0 0 0 0 0 0 0 1 0 0 0 0 0 1 
0 0 0 0 0 0 1 0 0 1 1 1 0 0 0 0 0 0 
0 0 0 0 0 1 0 0 0 1 0 0 0 0 1 1 0 0 
0 0 0 0 0 0 0 0 1 1 0 0 1 1 0 0 0 0 
0 0 0 0 0 0 0 1 0 1 0 0 0 0 0 0 1 1 
0 0 0 0 0 1 1 1 1 0 0 0 0 0 0 0 0 0 
0 1 0 0 0 1 0 0 0 0 0 1 1 0 0 0 0 0 
0 0 0 0 1 1 0 0 0 0 1 0 0 0 0 0 0 1 
0 1 0 0 0 0 0 1 0 0 1 0 0 1 0 0 0 0 
0 0 1 0 0 0 0 1 0 0 0 0 1 0 1 0 0 0 
0 0 1 0 0 0 1 0 0 0 0 0 0 1 0 1 0 0 
0 0 0 1 0 0 1 0 0 0 0 0 0 0 1 0 1 0 
0 0 0 1 0 0 0 0 1 0 0 0 0 0 0 1 0 1 
0 0 0 0 1 0 0 0 1 0 0 1 0 0 0 0 1 0 

Graph 21:
0 1 1 1 1 0 0 0 0 0 0 0 0 0 0 0 0 0 
1 0 0 1 0 0 0 0 0 0 1 0 1 0 0 0 0 0 
1 0 0 0 1 0 0 0 0 0 0 0 0 1 1 0 0 0 
1 1 0 0 0 0 0 0 0 0 0 0 0 0 0 1 1 0 
1 0 1 0 0 0 0 0 0 0 0 1 0 0 0 0 0 1 
0 0 0 0 0 0 1 0 0 1 1 1 0 0 0 0 0 0 
0 0 0 0 0 1 0 0 0 1 0 0 0 0 1 1 0 0 
0 0 0 0 0 0 0 0 1 1 0 0 1 1 0 0 0 0 
0 0 0 0 0 0 0 1 0 1 0 0 0 0 0 0 1 1 
0 0 0 0 0 1 1 1 1 0 0 0 0 0 0 0 0 0 
0 1 0 0 0 1 0 0 0 0 0 1 1 0 0 0 0 0 
0 0 0 0 1 1 0 0 0 0 1 0 0 0 0 0 0 1 
0 1 0 0 0 0 0 1 0 0 1 0 0 1 0 0 0 0 
0 0 1 0 0 0 0 1 0 0 0 0 1 0 1 0 0 0 
0 0 1 0 0 0 1 0 0 0 0 0 0 1 0 1 0 0 
0 0 0 1 0 0 1 0 0 0 0 0 0 0 1 0 1 0 
0 0 0 1 0 0 0 0 1 0 0 0 0 0 0 1 0 1 
0 0 0 0 1 0 0 0 1 0 0 1 0 0 0 0 1 0 

Graph 22:
0 1 1 1 1 0 0 0 0 0 0 0 0 0 0 0 0 0 
1 0 0 0 1 0 0 0 0 0 0 0 1 0 0 0 0 1 
1 0 0 1 0 0 0 0 0 0 0 1 0 0 0 0 0 1 
1 0 1 0 0 0 0 0 0 0 0 0 0 1 0 1 0 0 
1 1 0 0 0 0 0 0 0 0 0 0 0 0 1 0 1 0 
0 0 0 0 0 0 1 1 0 0 0 0 0 1 1 0 0 0 
0 0 0 0 0 1 0 0 1 0 1 0 0 0 1 0 0 0 
0 0 0 0 0 1 0 0 1 1 0 0 0 1 0 0 0 0 
0 0 0 0 0 0 1 1 0 1 1 0 0 0 0 0 0 0 
0 0 0 0 0 0 0 1 1 0 0 1 0 0 0 1 0 0 
0 0 0 0 0 0 1 0 1 0 0 0 1 0 0 0 1 0 
0 0 1 0 0 0 0 0 0 1 0 0 0 0 0 1 0 1 
0 1 0 0 0 0 0 0 0 0 1 0 0 0 0 0 1 1 
0 0 0 1 0 1 0 1 0 0 0 0 0 0 0 1 0 0 
0 0 0 0 1 1 1 0 0 0 0 0 0 0 0 0 1 0 
0 0 0 1 0 0 0 0 0 1 0 1 0 1 0 0 0 0 
0 0 0 0 1 0 0 0 0 0 1 0 1 0 1 0 0 0 
0 1 1 0 0 0 0 0 0 0 0 1 1 0 0 0 0 0 

Graph 23:
0 1 1 1 1 0 0 0 0 0 0 0 0 0 0 0 0 0 
1 0 0 0 1 0 0 0 0 0 0 0 1 0 0 0 0 1 
1 0 0 1 0 0 0 0 0 0 0 1 0 0 0 0 0 1 
1 0 1 0 0 0 0 0 0 0 0 0 0 1 0 1 0 0 
1 1 0 0 0 0 0 0 0 0 0 0 0 0 1 0 1 0 
0 0 0 0 0 0 1 1 0 0 1 0 0 0 1 0 0 0 
0 0 0 0 0 1 0 0 1 1 0 0 0 0 1 0 0 0 
0 0 0 0 0 1 0 0 1 0 1 0 0 1 0 0 0 0 
0 0 0 0 0 0 1 1 0 1 0 0 0 1 0 0 0 0 
0 0 0 0 0 0 1 0 1 0 0 1 0 0 0 1 0 0 
0 0 0 0 0 1 0 1 0 0 0 0 1 0 0 0 1 0 
0 0 1 0 0 0 0 0 0 1 0 0 0 0 0 1 0 1 
0 1 0 0 0 0 0 0 0 0 1 0 0 0 0 0 1 1 
0 0 0 1 0 0 0 1 1 0 0 0 0 0 0 1 0 0 
0 0 0 0 1 1 1 0 0 0 0 0 0 0 0 0 1 0 
0 0 0 1 0 0 0 0 0 1 0 1 0 1 0 0 0 0 
0 0 0 0 1 0 0 0 0 0 1 0 1 0 1 0 0 0 
0 1 1 0 0 0 0 0 0 0 0 1 1 0 0 0 0 0 

