Number of Non-Isomorphic Graphs: 4 
 
Graph 1:
0 1 1 1 1 1 1 0 0 0 0 0 0 0 0 0 0 0 0 0 0 
1 0 0 0 1 0 1 0 0 0 0 0 0 0 0 0 0 1 0 1 1 
1 0 0 1 0 1 0 0 0 0 0 0 0 0 0 0 0 0 1 1 1 
1 0 1 0 0 0 1 0 0 0 0 1 0 0 0 1 0 0 0 1 0 
1 1 0 0 0 1 0 0 0 0 0 0 1 0 0 0 1 0 0 0 1 
1 0 1 0 1 0 0 0 0 0 0 0 0 0 1 0 1 0 1 0 0 
1 1 0 1 0 0 0 0 0 0 0 0 0 1 0 1 0 1 0 0 0 
0 0 0 0 0 0 0 0 1 1 0 1 0 0 1 1 1 0 0 0 0 
0 0 0 0 0 0 0 1 0 0 1 0 1 1 0 1 1 0 0 0 0 
0 0 0 0 0 0 0 1 0 0 1 1 0 1 1 0 0 1 0 0 0 
0 0 0 0 0 0 0 0 1 1 0 0 1 1 1 0 0 0 1 0 0 
0 0 0 1 0 0 0 1 0 1 0 0 0 0 0 1 0 1 0 1 0 
0 0 0 0 1 0 0 0 1 0 1 0 0 0 0 0 1 0 1 0 1 
0 0 0 0 0 0 1 0 1 1 1 0 0 0 0 1 0 1 0 0 0 
0 0 0 0 0 1 0 1 0 1 1 0 0 0 0 0 1 0 1 0 0 
0 0 0 1 0 0 1 1 1 0 0 1 0 1 0 0 0 0 0 0 0 
0 0 0 0 1 1 0 1 1 0 0 0 1 0 1 0 0 0 0 0 0 
0 1 0 0 0 0 1 0 0 1 0 1 0 1 0 0 0 0 0 1 0 
0 0 1 0 0 1 0 0 0 0 1 0 1 0 1 0 0 0 0 0 1 
0 1 1 1 0 0 0 0 0 0 0 1 0 0 0 0 0 1 0 0 1 
0 1 1 0 1 0 0 0 0 0 0 0 1 0 0 0 0 0 1 1 0 

Graph 2:
0 1 1 1 1 1 1 0 0 0 0 0 0 0 0 0 0 0 0 0 0 
1 0 0 0 1 1 0 0 0 1 0 0 0 0 0 1 0 0 0 1 0 
1 0 0 1 0 0 1 0 0 0 1 0 0 0 0 0 0 0 1 0 1 
1 0 1 0 0 1 0 0 0 0 0 1 0 0 0 0 0 1 0 0 1 
1 1 0 0 0 0 1 0 0 0 0 0 1 0 0 0 1 0 0 1 0 
1 1 0 1 0 0 0 0 0 0 0 0 0 0 1 1 0 1 0 0 0 
1 0 1 0 1 0 0 0 0 0 0 0 0 1 0 0 1 0 1 0 0 
0 0 0 0 0 0 0 0 1 1 0 1 0 1 0 0 0 0 0 1 1 
0 0 0 0 0 0 0 1 0 0 1 0 1 0 1 0 0 0 0 1 1 
0 1 0 0 0 0 0 1 0 0 0 0 0 1 0 1 1 0 0 1 0 
0 0 1 0 0 0 0 0 1 0 0 0 0 0 1 0 0 1 1 0 1 
0 0 0 1 0 0 0 1 0 0 0 0 0 1 0 0 0 1 1 0 1 
0 0 0 0 1 0 0 0 1 0 0 0 0 0 1 1 1 0 0 1 0 
0 0 0 0 0 0 1 1 0 1 0 1 0 0 0 0 1 0 1 0 0 
0 0 0 0 0 1 0 0 1 0 1 0 1 0 0 1 0 1 0 0 0 
0 1 0 0 0 1 0 0 0 1 0 0 1 0 1 0 1 0 0 0 0 
0 0 0 0 1 0 1 0 0 1 0 0 1 1 0 1 0 0 0 0 0 
0 0 0 1 0 1 0 0 0 0 1 1 0 0 1 0 0 0 1 0 0 
0 0 1 0 0 0 1 0 0 0 1 1 0 1 0 0 0 1 0 0 0 
0 1 0 0 1 0 0 1 1 1 0 0 1 0 0 0 0 0 0 0 0 
0 0 1 1 0 0 0 1 1 0 1 1 0 0 0 0 0 0 0 0 0 

Graph 3:
0 1 1 1 1 1 1 0 0 0 0 0 0 0 0 0 0 0 0 0 0 
1 0 0 1 0 1 0 0 0 1 0 0 0 0 0 1 0 1 0 0 0 
1 0 0 0 1 0 1 0 0 0 1 0 0 0 0 0 1 0 1 0 0 
1 1 0 0 1 0 0 0 0 0 0 1 0 0 0 0 0 1 0 1 0 
1 0 1 1 0 0 0 0 0 0 0 0 0 1 0 0 1 0 0 1 0 
1 1 0 0 0 0 1 0 0 0 0 0 0 0 1 1 0 0 0 0 1 
1 0 1 0 0 1 0 0 0 0 0 0 1 0 0 0 0 0 1 0 1 
0 0 0 0 0 0 0 0 0 1 0 0 1 1 0 0 1 1 0 0 1 
0 0 0 0 0 0 0 0 0 0 1 1 0 0 1 1 0 0 1 1 0 
0 1 0 0 0 0 0 1 0 0 1 0 0 0 0 1 1 1 0 0 0 
0 0 1 0 0 0 0 0 1 1 0 0 0 0 0 1 1 0 1 0 0 
0 0 0 1 0 0 0 0 1 0 0 0 1 0 0 0 0 1 1 1 0 
0 0 0 0 0 0 1 1 0 0 0 1 0 0 0 0 0 1 1 0 1 
0 0 0 0 1 0 0 1 0 0 0 0 0 0 1 0 1 0 0 1 1 
0 0 0 0 0 1 0 0 1 0 0 0 0 1 0 1 0 0 0 1 1 
0 1 0 0 0 1 0 0 1 1 1 0 0 0 1 0 0 0 0 0 0 
0 0 1 0 1 0 0 1 0 1 1 0 0 1 0 0 0 0 0 0 0 
0 1 0 1 0 0 0 1 0 1 0 1 1 0 0 0 0 0 0 0 0 
0 0 1 0 0 0 1 0 1 0 1 1 1 0 0 0 0 0 0 0 0 
0 0 0 1 1 0 0 0 1 0 0 1 0 1 1 0 0 0 0 0 0 
0 0 0 0 0 1 1 1 0 0 0 0 1 1 1 0 0 0 0 0 0 

Graph 4:
0 1 1 1 1 1 1 0 0 0 0 0 0 0 0 0 0 0 0 0 0 
1 0 0 0 1 1 0 0 0 1 0 0 0 0 0 1 0 0 0 1 0 
1 0 0 1 0 0 1 0 0 0 1 0 0 0 0 0 1 0 0 0 1 
1 0 1 0 0 1 0 0 0 0 0 1 0 0 0 0 0 1 0 0 1 
1 1 0 0 0 0 1 0 0 0 0 0 1 0 0 0 0 0 1 1 0 
1 1 0 1 0 0 0 0 0 0 0 0 0 0 1 1 0 1 0 0 0 
1 0 1 0 1 0 0 0 0 0 0 0 0 1 0 0 1 0 1 0 0 
0 0 0 0 0 0 0 0 1 1 0 1 0 1 0 0 0 0 0 1 1 
0 0 0 0 0 0 0 1 0 0 1 0 1 0 1 0 0 0 0 1 1 
0 1 0 0 0 0 0 1 0 0 0 0 0 1 0 1 1 0 0 1 0 
0 0 1 0 0 0 0 0 1 0 0 0 0 0 1 1 1 0 0 0 1 
0 0 0 1 0 0 0 1 0 0 0 0 0 1 0 0 0 1 1 0 1 
0 0 0 0 1 0 0 0 1 0 0 0 0 0 1 0 0 1 1 1 0 
0 0 0 0 0 0 1 1 0 1 0 1 0 0 0 0 1 0 1 0 0 
0 0 0 0 0 1 0 0 1 0 1 0 1 0 0 1 0 1 0 0 0 
0 1 0 0 0 1 0 0 0 1 1 0 0 0 1 0 1 0 0 0 0 
0 0 1 0 0 0 1 0 0 1 1 0 0 1 0 1 0 0 0 0 0 
0 0 0 1 0 1 0 0 0 0 0 1 1 0 1 0 0 0 1 0 0 
0 0 0 0 1 0 1 0 0 0 0 1 1 1 0 0 0 1 0 0 0 
0 1 0 0 1 0 0 1 1 1 0 0 1 0 0 0 0 0 0 0 0 
0 0 1 1 0 0 0 1 1 0 1 1 0 0 0 0 0 0 0 0 0 

